P
40
5.0 -5.0 5.0
5.0 5.0 5.0
-5.0 -5.0 4.0
5.0 -5.0 4.0
-5.0 5.0 5.0
-5.0 -5.0 5.0
5.0 5.0 4.0
-5.0 5.0 4.0
5.0 -5.0 -5.0
5.0 5.0 -5.0
-5.0 -5.0 -4.0
5.0 -5.0 -4.0
-5.0 5.0 -5.0
-5.0 -5.0 -5.0
5.0 5.0 -4.0
-5.0 5.0 -4.0
5.0 5.0 -3.0
5.0 5.0 3.0
5.0 -5.0 -3.0
5.0 -5.0 3.0
-5.0 5.0 -3.0
-5.0 5.0 3.0
-5.0 -5.0 -3.0
-5.0 -5.0 3.0
4.0 5.0 -3.0
4.0 5.0 -4.0
4.0 5.0 3.0
4.0 5.0 4.0
4.0 -5.0 3.0
4.0 -5.0 4.0
4.0 -5.0 -3.0
4.0 -5.0 -4.0
-4.0 5.0 -3.0
-4.0 5.0 -4.0
-4.0 5.0 3.0
-4.0 5.0 4.0
-4.0 -5.0 3.0
-4.0 -5.0 4.0
-4.0 -5.0 -3.0
-4.0 -5.0 -4.0
E
36
0 1
2 3
4 5
6 7
8 9
10 11
12 13
14 15
16 17
18 19
20 21
22 23
14 9
16 24
25 24
6 1
17 26
27 26
3 0
19 28
29 28
11 8
18 30
31 30
20 32
33 32
12 15
21 34
35 34
4 7
23 36
37 36
5 2
22 38
39 38
13 10
anchors
0
pins
40
1 15 0
0 18 0
3 18 1
29 20 1
37 31 1
2 32 1
4 29 2
5 32 2
6 15 3
27 17 3
35 28 3
7 29 3
9 12 4
8 21 4
11 21 5
31 23 5
39 34 5
10 35 5
12 26 6
13 35 6
14 12 7
25 14 7
33 25 7
15 26 7
16 13 8
17 16 8
19 19 9
18 22 9
20 24 10
21 27 10
23 30 11
22 33 11
24 14 13
26 17 16
28 20 19
30 23 22
32 25 24
34 28 27
36 31 30
38 34 33
