P
40
-4.0 3.0 -4.0
-4.0 3.0 4.0
4.0 3.0 -4.0
4.0 3.0 4.0
4.0 4.0 4.0
-4.0 4.0 4.0
4.0 4.0 -4.0
-4.0 4.0 -4.0
-4.0 -3.0 -4.0
-4.0 -3.0 4.0
4.0 -3.0 -4.0
4.0 -3.0 4.0
4.0 -4.0 4.0
-4.0 -4.0 4.0
4.0 -4.0 -4.0
-4.0 -4.0 -4.0
-4.0 2.0 4.0
-4.0 -2.0 4.0
-4.0 2.0 -4.0
-4.0 -2.0 -4.0
4.0 -2.0 4.0
4.0 2.0 4.0
4.0 -2.0 -4.0
4.0 2.0 -4.0
-4.0 3.0 -3.0
-4.0 2.0 -3.0
-4.0 -3.0 -3.0
-4.0 -2.0 -3.0
-4.0 3.0 3.0
-4.0 2.0 3.0
-4.0 -3.0 3.0
-4.0 -2.0 3.0
4.0 -3.0 -3.0
4.0 -2.0 -3.0
4.0 3.0 -3.0
4.0 2.0 -3.0
4.0 -3.0 3.0
4.0 -2.0 3.0
4.0 3.0 3.0
4.0 2.0 3.0
E
36
0 1
2 3
4 5
6 7
8 9
10 11
12 13
14 15
16 17
18 19
20 21
22 23
24 25
18 25
7 0
26 27
19 27
15 8
28 29
16 29
5 1
30 31
17 31
13 9
32 33
22 33
10 14
34 35
23 35
2 6
36 37
20 37
11 12
38 39
21 39
3 4
anchors
0
pins
40
24 12 0
0 14 0
28 18 0
1 20 0
34 27 1
2 29 1
38 33 1
3 35 1
5 20 2
4 35 2
7 14 3
6 29 3
26 15 4
8 17 4
30 21 4
9 23 4
32 24 5
10 26 5
36 30 5
11 32 5
13 23 6
12 32 6
15 17 7
14 26 7
16 19 8
17 22 8
18 13 9
19 16 9
20 31 10
21 34 10
22 25 11
23 28 11
25 13 12
27 16 15
29 19 18
31 22 21
33 25 24
35 28 27
37 31 30
39 34 33
