P
24
0 0 0
0 3 0
3 3 0
3 0 0
0 0 3
0 3 3
3 3 3
3 0 3
0.5 0.0001 0
0.5 3.0001 0
2.5 3.0001 0
2.5 0.0001 0
0 0.0001 0.5
0 3.0001 0.5
3 3.0001 0.5
3 0.0001 0.5
0.5 0.0001 3
0.5 3.0001 3
2.5 3.0001 3
2.5 0.0001 3
0 0.0001 2.5
0 3.0001 2.5
3 3.0001 2.5
3 0.0001 2.5
E
28
0 1
2 3
4 5
6 7
8 11
9 10
16 19
17 18
12 20
13 21
14 22
15 23
0 8
0 12
1 9
1 13
2 10
2 14
3 11
3 15
4 16
4 20
5 17
5 21
6 18
6 22
7 19
7 23
pins
24
0 0 12
8 4 12
12 8 13
1 0 14
9 5 14
13 9 15
2 1 16
10 5 16
14 10 17
3 1 18
11 4 18
15 11 19
4 2 20
16 6 20
20 8 21
5 2 22
17 7 22
21 9 23
6 3 24
18 7 24
22 10 25
7 3 26
19 6 26
23 11 27
anchors
8
0 12 13
1 14 15
2 16 17
3 18 19
4 20 21
5 22 23
6 24 25
7 26 27