P
80
0 0 0
0 2 0
0 6 0
0 8 0
1 8 0
2 8 0
6 8 0
7 8 0
8 8 0
8 6 0
8 2 0
8 0 0
7 0 0
6 0 0
2 0 0
1 0 0
0 0 1
0 1 1
0 2 1
0 6 1
0 7 1
0 8 1
2 8 1
6 8 1
8 8 1
8 7 1
8 6 1
8 2 1
8 1 1
8 0 1
6 0 1
2 0 1
0 0 2
0 1 2
0 7 2
0 8 2
8 8 2
8 7 2
8 1 2
8 0 2
0 0 6
0 1 6
0 7 6
0 8 6
8 8 6
8 7 6
8 1 6
8 0 6
0 0 7
0 1 7
0 2 7
0 6 7
0 7 7
0 8 7
2 8 7
6 8 7
8 8 7
8 7 7
8 6 7
8 2 7
8 1 7
8 0 7
6 0 7
2 0 7
0 0 8
0 2 8
0 6 8
0 8 8
1 8 8
2 8 8
6 8 8
7 8 8
8 8 8
8 6 8
8 2 8
8 0 8
7 0 8
6 0 8
2 0 8
1 0 8
E
60
0 3
4 7
8 11
12 15
16 18
19 21
21 22
23 24
24 26
27 29
29 30
31 16
32 33
34 35
36 37
38 39
40 41
42 43
44 45
46 47
48 50
51 53
53 54
55 56
56 58
59 61
61 62
63 48
64 67
68 71
72 75
76 79
1 18
2 19
5 22
6 23
9 26
10 27
13 30
14 41
17 33
20 34
25 37
28 38
32 40
35 43
36 44
39 47
41 49
42 52
45 57
46 60
50 65
51 66
54 69
55 70
58 73
59 74
62 77
63 78
pins
56
1 32 0
2 33 0
5 34 1
6 35 1
9 36 2
10 37 2
13 38 3
14 39 3
17 40 4
18 32 4
19 33 5
20 41 5
22 34 6
23 35 7
25 42 8
26 36 8
27 37 9
28 43 9
30 38 10
31 39 11
32 12 44
33 40 12
34 41 13
35 13 45
36 14 46
37 42 14
38 43 15
39 15 47
40 16 44
41 48 16
42 49 17
43 17 45
44 18 47
45 50 18
46 51 19
47 19 47
49 48 20
50 52 20
51 53 21
52 49 21
54 54 22
55 55 23
57 50 24
58 56 24
59 57 25
60 51 25
62 58 26
63 59 27
65 52 28
66 53 28
69 54 29
70 55 29
73 56 30
74 57 30
77 58 31
78 59 31
anchors
8
16 4 11
21 5 6
24 7 8
29 9 10
48 20 27
53 21 22
56 23 24
61 25 26