P
40
0 -0.05 0
0.1 0.05 0
0.05 0 0
0 0 0
0 0 0.05
0 2.95 0
0.1 3.05 0
0.05 3 0
0 3 0
0 3 0.05
3 2.95 0
2.9 3.05 0
2.95 3 0
3 3 0
3 3 0.05
3 -0.05 0
2.9 0.05 0
2.95 0 0
3 0 0
3 0 0.05
0 -0.05 3
0.1 0.05 3
0.05 0 3
0 0 3
0 0 2.95
0 2.95 3
0.1 3.05 3
0.05 3 3
0 3 3
0 3 2.95
3 2.95 3
2.9 3.05 3
2.95 3 3
3 3 3
3 3 2.95
3 -0.05 3
2.9 0.05 3
2.95 0 3
3 0 3
3 0 2.95
E
37
0 1
2 3
3 4
5 6
7 8
8 9
10 11
12 13
13 14
15 16
17 18
18 19
0 5
10 15
1 16
6 11
20 21
22 23
23 24
25 26
27 28
28 29
30 31
32 33
33 34
35 36
37 38
38 39
20 25
30 35
21 36
26 31
4 24
9 29
14 34
19 39
0 20
pins
16
2 0 1
7 3 4
12 6 7
17 9 10
22 16 17
27 19 20
32 22 23
37 25 26
4 32 2
9 33 5
14 34 8
19 35 11
24 32 18
29 33 21
34 34 24
39 35 27
anchors
26
0 0 12
1 0 14
3 1 2
5 3 12
6 3 15
8 4 5
10 6 13
11 6 15
13 7 8
15 9 13
16 9 14
18 10 11
20 16 28
21 16 30
23 17 18
25 19 28
26 19 31
28 20 21
30 22 29
31 22 31
33 23 24
35 25 29
36 25 30
38 26 27
0 36 0
20 36 16