P
32
0 0 0
0 1 0
0 4 0
0 5 0
5 5 0
5 4 0
5 1 0
5 0 0
0 0 1
0 1 1
0 4 1
0 5 1
5 5 1
5 4 1
5 1 1
5 0 1
0 0 4
0 1 4
0 4 4
0 5 4
5 5 4
5 4 4
5 1 4
5 0 4
0 0 5
0 1 5
0 4 5
0 5 5
5 5 5
5 4 5
5 1 5
5 0 5
E
28
0 3
3 4
4 7
7 0
8 9
10 11
12 13
14 15
16 17
18 19
20 21
22 23
24 27
27 28
28 31
31 24
1 9
2 10
5 13
6 14
8 16
11 19
12 20
15 23
17 25
18 26
21 29
22 30
pins
24
1 16 0
2 17 0
5 18 2
6 19 2
8 4 20
9 16 4
10 17 5
11 5 21
12 6 22
13 18 6
14 19 7
15 7 23
16 8 20
17 24 8
18 25 9
19 9 21
20 10 22
21 26 10
22 27 11
23 11 23
25 24 12
26 25 12
29 26 14
30 27 14
anchors
8
0 0 3
3 0 1
4 1 2
7 2 3
24 15 12
27 12 13
28 13 14
31 14 15